4 0.082031 0.734375 0.107813 0.088542
2 0.284375 0.626302 0.109375 0.054688
0 0.322656 0.472656 0.117188 0.091146
4 0.596094 0.434896 0.064062 0.104167
4 0.142969 0.403646 0.092188 0.067708
2 0.571875 0.442708 0.046875 0.046875
1 0.757031 0.661458 0.117188 0.083333
0 0.278125 0.669271 0.050000 0.119792
2 0.302344 0.579427 0.101562 0.091146
0 0.114844 0.884115 0.073438 0.075521
1 0.235156 0.751302 0.110937 0.065104
3 0.314844 0.915365 0.104688 0.106771
1 0.705469 0.322917 0.060937 0.119792
2 0.473438 0.464844 0.121875 0.080729
0 0.117188 0.876302 0.081250 0.117188
1 0.782813 0.536458 0.062500 0.114583
1 0.356250 0.802083 0.065625 0.046875
2 0.485938 0.533854 0.050000 0.109375
