3 0.169531 0.548177 0.070312 0.065104
4 0.210938 0.494792 0.053125 0.057292
3 0.245312 0.644531 0.075000 0.080729
1 0.800000 0.457031 0.087500 0.070312
0 0.531250 0.852865 0.059375 0.111979
0 0.571094 0.401042 0.064062 0.114583
1 0.875000 0.317708 0.078125 0.078125
2 0.692969 0.872396 0.060937 0.046875
4 0.788281 0.410156 0.067187 0.054688
0 0.392188 0.444010 0.043750 0.049479
3 0.189844 0.686198 0.079687 0.101562
2 0.143750 0.533854 0.050000 0.046875
1 0.571094 0.388021 0.051562 0.119792
3 0.957031 0.852865 0.048438 0.059896
3 0.719531 0.401042 0.045312 0.078125
1 0.492969 0.875000 0.060937 0.067708
0 0.460156 0.725260 0.104688 0.096354
3 0.937500 0.625000 0.084375 0.119792
