0 0.608594 0.822917 0.114062 0.098958
1 0.793750 0.746094 0.046875 0.070312
3 0.067187 0.897135 0.087500 0.096354
0 0.289062 0.841146 0.068750 0.062500
2 0.242969 0.313802 0.067187 0.070312
3 0.800000 0.345052 0.106250 0.111979
3 0.092188 0.712240 0.103125 0.091146
4 0.278906 0.492188 0.067187 0.104167
0 0.452344 0.665365 0.104688 0.075521
1 0.206250 0.647135 0.109375 0.101562
0 0.874219 0.816406 0.095312 0.091146
4 0.789844 0.315104 0.045312 0.078125
2 0.075000 0.537760 0.068750 0.106771
2 0.214844 0.813802 0.067187 0.106771
2 0.606250 0.722656 0.056250 0.049479
3 0.362500 0.829427 0.112500 0.085938
0 0.803906 0.325521 0.114062 0.109375
1 0.357812 0.891927 0.046875 0.111979
