3 0.102344 0.430990 0.067187 0.106771
0 0.396094 0.613281 0.095312 0.101562
2 0.120313 0.438802 0.075000 0.059896
3 0.385937 0.522135 0.106250 0.070312
1 0.736719 0.712240 0.054688 0.065104
1 0.267188 0.807292 0.121875 0.067708
0 0.798438 0.752604 0.046875 0.093750
1 0.197656 0.466146 0.079687 0.109375
3 0.582031 0.917969 0.051562 0.101562
0 0.300000 0.763021 0.078125 0.098958
0 0.415625 0.501302 0.056250 0.085938
2 0.367188 0.313802 0.087500 0.106771
2 0.473438 0.328125 0.115625 0.057292
3 0.932031 0.746094 0.098437 0.070312
1 0.934375 0.740885 0.100000 0.059896
3 0.936719 0.412760 0.070312 0.117188
4 0.516406 0.833333 0.057813 0.083333
4 0.055469 0.804688 0.079687 0.083333
3 0.103125 0.761719 0.115625 0.059896
1 0.153125 0.738281 0.075000 0.106771
3 0.842187 0.802083 0.062500 0.088542
1 0.583594 0.553385 0.104688 0.070312
0 0.148438 0.320312 0.053125 0.088542
1 0.209375 0.924479 0.046875 0.062500
0 0.659375 0.731771 0.046875 0.093750
4 0.477344 0.330729 0.104688 0.104167
1 0.179688 0.307292 0.103125 0.104167
3 0.138281 0.528646 0.051562 0.083333
