1 0.674219 0.417969 0.098437 0.080729
1 0.075000 0.420573 0.090625 0.111979
3 0.870313 0.661458 0.056250 0.119792
3 0.127344 0.809896 0.073438 0.067708
1 0.446094 0.911458 0.048438 0.062500
3 0.489844 0.523438 0.117188 0.072917
4 0.475781 0.532552 0.098437 0.111979
3 0.360156 0.667969 0.054688 0.075521
4 0.500781 0.536458 0.060937 0.109375
4 0.775781 0.893229 0.092188 0.109375
3 0.808594 0.701823 0.104688 0.070312
1 0.607812 0.582031 0.106250 0.111979
4 0.171094 0.358073 0.082812 0.117188
2 0.554688 0.718750 0.065625 0.072917
2 0.698438 0.476562 0.103125 0.098958
2 0.907031 0.593750 0.117188 0.093750
1 0.082031 0.389323 0.060937 0.117188
2 0.200781 0.437500 0.117188 0.104167
