4 0.794531 0.731771 0.098437 0.062500
0 0.775000 0.524740 0.065625 0.117188
4 0.648438 0.766927 0.103125 0.085938
0 0.396875 0.302083 0.053125 0.109375
2 0.534375 0.667969 0.106250 0.111979
2 0.143750 0.493490 0.112500 0.054688
1 0.727344 0.371094 0.114062 0.106771
4 0.239063 0.802083 0.062500 0.062500
3 0.617188 0.421875 0.121875 0.062500
0 0.265625 0.817708 0.106250 0.114583
3 0.876563 0.382812 0.109375 0.093750
0 0.139844 0.667969 0.095312 0.106771
4 0.343750 0.752604 0.090625 0.088542
1 0.278125 0.372396 0.115625 0.114583
4 0.581250 0.643229 0.103125 0.119792
3 0.464062 0.481771 0.103125 0.104167
2 0.264062 0.380208 0.071875 0.083333
4 0.890625 0.505208 0.112500 0.119792
