3 0.573438 0.477865 0.103125 0.117188
4 0.274219 0.694010 0.104688 0.075521
3 0.858594 0.628906 0.095312 0.106771
4 0.512500 0.427083 0.065625 0.104167
0 0.225781 0.778646 0.045312 0.083333
4 0.129688 0.509115 0.084375 0.080729
4 0.085938 0.546875 0.106250 0.062500
2 0.568750 0.671875 0.121875 0.052083
4 0.062500 0.377604 0.075000 0.109375
2 0.102344 0.855469 0.082812 0.106771
1 0.594531 0.919271 0.076563 0.114583
3 0.256250 0.617188 0.046875 0.098958
3 0.600000 0.614583 0.096875 0.119792
0 0.567969 0.652344 0.095312 0.070312
0 0.577344 0.825521 0.064062 0.093750
0 0.092969 0.731771 0.057813 0.067708
4 0.667188 0.416667 0.059375 0.093750
0 0.568750 0.770833 0.121875 0.109375
