2 0.660937 0.786458 0.121875 0.072917
1 0.709375 0.625000 0.103125 0.088542
0 0.571875 0.906250 0.046875 0.057292
3 0.867969 0.386719 0.057813 0.096354
4 0.681250 0.675781 0.075000 0.059896
2 0.876563 0.658854 0.093750 0.114583
4 0.078906 0.535156 0.073438 0.085938
0 0.550000 0.822917 0.084375 0.093750
4 0.425000 0.348958 0.090625 0.067708
3 0.653125 0.388021 0.059375 0.088542
0 0.240625 0.424479 0.100000 0.104167
3 0.295312 0.561198 0.075000 0.080729
3 0.815625 0.882812 0.093750 0.109375
1 0.582031 0.914062 0.095312 0.062500
3 0.787500 0.733073 0.075000 0.059896
2 0.492969 0.708333 0.110937 0.109375
1 0.941406 0.677083 0.067187 0.067708
2 0.407031 0.740885 0.120313 0.070312
2 0.498437 0.475260 0.090625 0.075521
4 0.677344 0.889323 0.110937 0.091146
2 0.308594 0.496094 0.120313 0.111979
2 0.625781 0.861979 0.114062 0.052083
3 0.908594 0.638021 0.064062 0.062500
2 0.426563 0.597656 0.056250 0.054688
4 0.420312 0.330729 0.065625 0.098958
3 0.808594 0.364583 0.076563 0.104167
0 0.714844 0.910156 0.098437 0.059896
1 0.587500 0.472656 0.118750 0.070312
