3 0.898438 0.854167 0.068750 0.057292
2 0.564063 0.927083 0.087500 0.078125
0 0.607812 0.928385 0.053125 0.091146
4 0.505469 0.527344 0.107813 0.117188
2 0.667188 0.895833 0.053125 0.067708
4 0.907031 0.726562 0.120313 0.062500
2 0.077344 0.359375 0.098437 0.046875
3 0.207813 0.747396 0.053125 0.088542
2 0.501563 0.467448 0.065625 0.106771
0 0.185156 0.332031 0.045312 0.096354
1 0.260937 0.768229 0.103125 0.098958
0 0.667188 0.520833 0.103125 0.057292
1 0.796875 0.722656 0.068750 0.070312
3 0.733594 0.763021 0.070312 0.109375
2 0.162500 0.484375 0.059375 0.109375
3 0.151562 0.455729 0.081250 0.072917
1 0.845313 0.539062 0.087500 0.052083
3 0.832031 0.367188 0.060937 0.098958
4 0.424219 0.696615 0.120313 0.080729
3 0.236719 0.325521 0.114062 0.067708
0 0.465625 0.816406 0.100000 0.106771
0 0.061719 0.325521 0.092188 0.057292
2 0.571094 0.901042 0.057813 0.104167
4 0.821875 0.609375 0.043750 0.088542
3 0.184375 0.661458 0.115625 0.109375
0 0.826562 0.380208 0.081250 0.104167
4 0.539062 0.549479 0.078125 0.072917
0 0.599219 0.345052 0.079687 0.091146
