0 0.327344 0.550781 0.092188 0.117188
2 0.260156 0.576823 0.120313 0.054688
0 0.057813 0.467448 0.046875 0.117188
3 0.294531 0.403646 0.079687 0.078125
4 0.742969 0.449219 0.114062 0.106771
1 0.568750 0.480469 0.084375 0.106771
4 0.858594 0.342448 0.079687 0.054688
1 0.703906 0.363281 0.095312 0.049479
2 0.572656 0.522135 0.120313 0.117188
4 0.649219 0.536458 0.089063 0.046875
4 0.464062 0.589844 0.121875 0.070312
4 0.374219 0.789062 0.092188 0.109375
1 0.699219 0.302083 0.057813 0.046875
4 0.068750 0.929688 0.078125 0.098958
0 0.676562 0.863281 0.118750 0.101562
0 0.427344 0.570312 0.064062 0.088542
0 0.491406 0.359375 0.057813 0.104167
1 0.658594 0.592448 0.095312 0.080729
