2 0.931250 0.601562 0.093750 0.078125
0 0.379688 0.486979 0.118750 0.098958
0 0.505469 0.364583 0.107813 0.072917
3 0.760156 0.897135 0.082812 0.106771
2 0.841406 0.535156 0.060937 0.085938
2 0.719531 0.352865 0.051562 0.106771
4 0.514844 0.506510 0.060937 0.091146
0 0.525000 0.501302 0.075000 0.101562
4 0.338281 0.746094 0.114062 0.080729
2 0.623437 0.850260 0.087500 0.049479
0 0.689063 0.540365 0.050000 0.101562
1 0.738281 0.320312 0.045312 0.057292
0 0.635156 0.541667 0.067187 0.109375
4 0.284375 0.746094 0.046875 0.096354
2 0.177344 0.669271 0.079687 0.083333
4 0.557031 0.718750 0.079687 0.078125
1 0.339844 0.934896 0.054688 0.046875
3 0.483594 0.621094 0.098437 0.054688
