4 0.238281 0.617188 0.076563 0.046875
4 0.223438 0.850260 0.068750 0.049479
2 0.875781 0.371094 0.085938 0.096354
4 0.117188 0.861979 0.062500 0.067708
4 0.378125 0.540365 0.096875 0.101562
0 0.571875 0.723958 0.109375 0.072917
2 0.715625 0.498698 0.093750 0.070312
2 0.371094 0.835938 0.098437 0.057292
1 0.549219 0.562500 0.104688 0.093750
0 0.388281 0.569010 0.073438 0.070312
4 0.813281 0.578125 0.107813 0.072917
1 0.332813 0.727865 0.093750 0.085938
2 0.598437 0.358073 0.093750 0.101562
2 0.365625 0.399740 0.065625 0.111979
0 0.164844 0.592448 0.067187 0.085938
4 0.660937 0.627604 0.062500 0.104167
1 0.052344 0.890625 0.057813 0.098958
3 0.876563 0.894531 0.065625 0.059896
4 0.242969 0.608073 0.067187 0.117188
3 0.576562 0.924479 0.109375 0.088542
4 0.879687 0.591146 0.115625 0.119792
3 0.804688 0.600260 0.059375 0.106771
1 0.901563 0.927083 0.106250 0.067708
2 0.515625 0.585938 0.087500 0.052083
2 0.917188 0.359375 0.075000 0.119792
1 0.292187 0.755208 0.065625 0.078125
0 0.585938 0.647135 0.084375 0.080729
3 0.711719 0.796875 0.048438 0.062500
