3 0.907031 0.621094 0.107813 0.091146
4 0.367969 0.429688 0.089063 0.067708
1 0.484375 0.765625 0.115625 0.083333
0 0.546094 0.661458 0.117188 0.072917
1 0.716406 0.855469 0.104688 0.117188
4 0.693750 0.398438 0.075000 0.052083
1 0.457813 0.286458 0.090625 0.072917
3 0.475781 0.924479 0.067187 0.083333
2 0.083594 0.472656 0.101562 0.106771
1 0.228906 0.608073 0.048438 0.101562
1 0.860156 0.912760 0.082812 0.101562
0 0.656250 0.691406 0.106250 0.070312
1 0.287500 0.592448 0.056250 0.085938
2 0.935937 0.906250 0.084375 0.104167
4 0.418750 0.812500 0.109375 0.114583
4 0.917188 0.867188 0.121875 0.052083
2 0.218750 0.333333 0.050000 0.093750
4 0.904687 0.393229 0.062500 0.093750
