4 0.583594 0.911458 0.107813 0.062500
1 0.203906 0.828125 0.048438 0.083333
0 0.337500 0.322917 0.093750 0.098958
3 0.895312 0.697917 0.087500 0.088542
2 0.674219 0.553385 0.079687 0.070312
4 0.574219 0.345052 0.048438 0.111979
0 0.682031 0.485677 0.098437 0.101562
4 0.174219 0.671875 0.057813 0.072917
2 0.678906 0.382812 0.073438 0.098958
0 0.653906 0.720052 0.073438 0.091146
1 0.912500 0.359375 0.109375 0.104167
4 0.635156 0.682292 0.079687 0.046875
1 0.830469 0.429688 0.076563 0.109375
1 0.516406 0.406250 0.057813 0.052083
4 0.916406 0.330729 0.117188 0.119792
4 0.645312 0.397135 0.056250 0.096354
1 0.335938 0.781250 0.112500 0.109375
0 0.437500 0.930990 0.084375 0.075521
4 0.768750 0.455729 0.071875 0.109375
1 0.802344 0.904948 0.073438 0.111979
2 0.775781 0.601562 0.110937 0.093750
3 0.731250 0.934896 0.093750 0.088542
1 0.467187 0.343750 0.103125 0.057292
2 0.889844 0.438802 0.098437 0.054688
0 0.510938 0.876302 0.118750 0.059896
1 0.413281 0.872396 0.085938 0.052083
0 0.690625 0.941406 0.084375 0.049479
1 0.654687 0.570312 0.081250 0.052083
