1 0.365625 0.942708 0.053125 0.046875
1 0.350000 0.907552 0.103125 0.054688
4 0.889062 0.640625 0.046875 0.119792
0 0.268750 0.897135 0.090625 0.101562
4 0.726562 0.653646 0.043750 0.119792
2 0.885938 0.583333 0.046875 0.104167
3 0.685937 0.533854 0.121875 0.109375
4 0.256250 0.457031 0.053125 0.080729
1 0.910156 0.553385 0.051562 0.070312
1 0.048438 0.682292 0.043750 0.104167
0 0.663281 0.544271 0.095312 0.046875
3 0.302344 0.842448 0.079687 0.054688
2 0.906250 0.587240 0.068750 0.117188
2 0.702344 0.552083 0.104688 0.067708
4 0.848437 0.410156 0.121875 0.091146
4 0.469531 0.493490 0.098437 0.085938
2 0.711719 0.789062 0.120313 0.104167
0 0.788281 0.493490 0.117188 0.065104
1 0.603125 0.820312 0.093750 0.078125
4 0.154688 0.404948 0.112500 0.101562
0 0.272656 0.617188 0.051562 0.114583
3 0.461719 0.567708 0.051562 0.052083
0 0.681250 0.805990 0.103125 0.049479
4 0.142187 0.815104 0.071875 0.104167
3 0.381250 0.651042 0.087500 0.046875
0 0.892188 0.639323 0.121875 0.096354
4 0.101562 0.537760 0.059375 0.101562
0 0.485938 0.804688 0.059375 0.052083
