3 0.135156 0.479167 0.114062 0.057292
4 0.521094 0.627604 0.048438 0.109375
4 0.562500 0.565104 0.078125 0.052083
4 0.848437 0.407552 0.050000 0.111979
4 0.210938 0.518229 0.096875 0.078125
1 0.600000 0.523438 0.109375 0.072917
1 0.923438 0.610677 0.118750 0.096354
0 0.596094 0.595052 0.054688 0.101562
4 0.130469 0.707031 0.104688 0.065104
0 0.920312 0.656250 0.081250 0.067708
4 0.897656 0.819010 0.120313 0.075521
3 0.535156 0.527344 0.092188 0.049479
4 0.308594 0.282552 0.051562 0.054688
1 0.410938 0.872396 0.109375 0.098958
0 0.742969 0.722656 0.064062 0.091146
1 0.567969 0.312500 0.045312 0.083333
0 0.441406 0.371094 0.048438 0.059896
1 0.670312 0.587240 0.068750 0.080729
