3 0.894531 0.296875 0.101562 0.062500
0 0.621094 0.511719 0.098437 0.070312
1 0.793750 0.815104 0.103125 0.062500
0 0.700000 0.417969 0.068750 0.059896
0 0.606250 0.912760 0.093750 0.070312
4 0.909375 0.848958 0.068750 0.119792
2 0.675000 0.664062 0.112500 0.083333
1 0.807813 0.736979 0.118750 0.072917
4 0.224219 0.462240 0.045312 0.085938
3 0.420312 0.753906 0.106250 0.111979
2 0.882812 0.641927 0.084375 0.075521
2 0.197656 0.548177 0.067187 0.070312
0 0.825781 0.694010 0.098437 0.059896
1 0.357812 0.533854 0.100000 0.067708
1 0.435156 0.881510 0.067187 0.106771
1 0.446875 0.752604 0.065625 0.062500
0 0.830469 0.281250 0.054688 0.052083
0 0.564063 0.613281 0.090625 0.075521
2 0.878906 0.649740 0.092188 0.059896
1 0.279687 0.328125 0.118750 0.093750
3 0.112500 0.626302 0.090625 0.091146
3 0.349219 0.606771 0.110937 0.109375
4 0.072656 0.291667 0.089063 0.072917
3 0.586719 0.756510 0.101562 0.054688
2 0.466406 0.449219 0.060937 0.091146
3 0.652344 0.406250 0.104688 0.072917
3 0.642969 0.529948 0.064062 0.080729
2 0.268750 0.582031 0.087500 0.059896
