4 0.821875 0.574219 0.081250 0.054688
3 0.093750 0.498698 0.050000 0.111979
2 0.167187 0.730469 0.068750 0.054688
3 0.164062 0.665365 0.059375 0.106771
2 0.839063 0.764323 0.103125 0.096354
3 0.763281 0.485677 0.107813 0.059896
0 0.357031 0.822917 0.076563 0.062500
4 0.500000 0.496094 0.068750 0.101562
0 0.953906 0.651042 0.048438 0.078125
1 0.044531 0.569010 0.048438 0.075521
2 0.837500 0.429688 0.109375 0.098958
0 0.513281 0.384115 0.064062 0.059896
0 0.688281 0.615885 0.073438 0.111979
2 0.911719 0.554688 0.051562 0.098958
2 0.354687 0.582031 0.081250 0.075521
2 0.479687 0.437500 0.087500 0.083333
4 0.194531 0.388021 0.048438 0.057292
4 0.420312 0.669271 0.084375 0.109375
