1 0.108594 0.548177 0.060937 0.091146
2 0.242188 0.705729 0.112500 0.078125
3 0.741406 0.796875 0.051562 0.119792
1 0.078125 0.596354 0.046875 0.062500
3 0.904687 0.730469 0.050000 0.111979
3 0.782813 0.315104 0.096875 0.114583
2 0.107031 0.552083 0.048438 0.072917
1 0.905469 0.602865 0.107813 0.101562
1 0.446094 0.908854 0.117188 0.093750
0 0.855469 0.299479 0.117188 0.057292
4 0.246875 0.298177 0.046875 0.065104
0 0.207031 0.606771 0.073438 0.114583
1 0.235156 0.424479 0.101562 0.052083
4 0.167969 0.548177 0.104688 0.065104
2 0.716406 0.514323 0.117188 0.101562
4 0.578125 0.559896 0.096875 0.057292
4 0.146094 0.361979 0.060937 0.072917
1 0.343750 0.751302 0.118750 0.080729
