4 0.939844 0.641927 0.079687 0.085938
3 0.602344 0.527344 0.117188 0.091146
2 0.421094 0.440104 0.073438 0.067708
2 0.899219 0.808594 0.054688 0.106771
1 0.821094 0.483073 0.064062 0.106771
4 0.226562 0.837240 0.103125 0.070312
2 0.334375 0.485677 0.065625 0.075521
4 0.115625 0.351562 0.056250 0.067708
2 0.856250 0.411458 0.112500 0.057292
4 0.817187 0.582031 0.071875 0.085938
1 0.803906 0.432292 0.048438 0.067708
3 0.146094 0.473958 0.092188 0.052083
4 0.449219 0.429688 0.073438 0.052083
3 0.428125 0.811198 0.103125 0.096354
3 0.534375 0.861979 0.087500 0.083333
3 0.147656 0.700521 0.073438 0.093750
1 0.490625 0.385417 0.106250 0.062500
1 0.164844 0.397135 0.060937 0.091146
