0 0.139063 0.658854 0.090625 0.093750
2 0.842969 0.575521 0.051562 0.078125
1 0.376563 0.615885 0.090625 0.091146
4 0.884375 0.457031 0.062500 0.091146
0 0.738281 0.515625 0.070312 0.109375
0 0.703906 0.579427 0.054688 0.101562
2 0.596875 0.679688 0.062500 0.072917
2 0.751563 0.699219 0.059375 0.075521
3 0.412500 0.437500 0.046875 0.114583
1 0.210938 0.373698 0.118750 0.106771
1 0.527344 0.294271 0.104688 0.057292
0 0.805469 0.302083 0.073438 0.083333
1 0.411719 0.428385 0.117188 0.091146
4 0.846875 0.468750 0.118750 0.067708
3 0.908594 0.335938 0.101562 0.119792
1 0.360156 0.808594 0.048438 0.070312
2 0.052344 0.333333 0.048438 0.083333
2 0.645312 0.881510 0.109375 0.117188
