2 0.227344 0.640625 0.045312 0.078125
4 0.112500 0.768229 0.050000 0.109375
2 0.525000 0.675781 0.093750 0.054688
0 0.751563 0.554688 0.071875 0.109375
0 0.914062 0.569010 0.090625 0.059896
3 0.548438 0.725260 0.121875 0.111979
2 0.667969 0.312500 0.110937 0.119792
4 0.110156 0.279948 0.057813 0.054688
4 0.932031 0.923177 0.082812 0.091146
2 0.597656 0.441406 0.064062 0.106771
4 0.338281 0.571615 0.057813 0.059896
2 0.335938 0.345052 0.062500 0.054688
3 0.185156 0.485677 0.107813 0.091146
2 0.820312 0.718750 0.053125 0.062500
1 0.445312 0.361979 0.109375 0.098958
4 0.350000 0.518229 0.050000 0.119792
3 0.542969 0.756510 0.076563 0.096354
1 0.648438 0.830729 0.100000 0.093750
3 0.545312 0.598958 0.059375 0.046875
3 0.625781 0.393229 0.070312 0.114583
3 0.633594 0.804688 0.089063 0.083333
3 0.344531 0.381510 0.098437 0.054688
1 0.484375 0.380208 0.096875 0.062500
0 0.110937 0.838542 0.093750 0.098958
4 0.396094 0.906250 0.082812 0.109375
4 0.912500 0.605469 0.068750 0.091146
2 0.521094 0.457031 0.082812 0.065104
4 0.696875 0.757812 0.093750 0.052083
