4 0.389062 0.557292 0.106250 0.062500
2 0.282031 0.938802 0.110937 0.075521
4 0.579688 0.770833 0.096875 0.104167
2 0.732031 0.738281 0.098437 0.085938
2 0.078906 0.649740 0.085938 0.111979
0 0.140625 0.348958 0.081250 0.057292
2 0.331250 0.493490 0.118750 0.111979
1 0.511719 0.434896 0.048438 0.104167
0 0.778125 0.372396 0.078125 0.114583
4 0.945312 0.558594 0.065625 0.106771
4 0.535937 0.764323 0.121875 0.111979
3 0.556250 0.930990 0.081250 0.080729
0 0.439063 0.433594 0.043750 0.106771
3 0.635938 0.799479 0.065625 0.098958
4 0.388281 0.811198 0.117188 0.096354
2 0.178125 0.524740 0.087500 0.059896
4 0.107031 0.570312 0.054688 0.078125
4 0.306250 0.614583 0.068750 0.057292
