2 0.168750 0.846354 0.121875 0.104167
2 0.175781 0.675781 0.095312 0.049479
1 0.224219 0.582031 0.095312 0.054688
3 0.887500 0.609375 0.062500 0.062500
1 0.728906 0.798177 0.098437 0.106771
4 0.787500 0.764323 0.078125 0.101562
0 0.332813 0.667969 0.059375 0.111979
4 0.305469 0.652344 0.076563 0.101562
3 0.557813 0.671875 0.078125 0.119792
2 0.745313 0.851562 0.084375 0.109375
4 0.921094 0.434896 0.067187 0.093750
4 0.649219 0.882812 0.117188 0.067708
3 0.092188 0.488281 0.043750 0.106771
0 0.546094 0.283854 0.095312 0.057292
1 0.550781 0.319010 0.064062 0.117188
4 0.309375 0.355469 0.093750 0.091146
3 0.275000 0.627604 0.078125 0.057292
4 0.458594 0.678385 0.067187 0.065104
4 0.403906 0.781250 0.082812 0.093750
2 0.353125 0.613281 0.121875 0.085938
0 0.546875 0.320312 0.103125 0.098958
3 0.130469 0.914062 0.051562 0.109375
2 0.250781 0.865885 0.085938 0.080729
4 0.648438 0.330729 0.043750 0.098958
4 0.901563 0.658854 0.046875 0.072917
2 0.415625 0.401042 0.093750 0.104167
3 0.865625 0.361979 0.087500 0.109375
3 0.681250 0.399740 0.071875 0.111979
