2 0.536719 0.839844 0.095312 0.049479
4 0.395313 0.817708 0.096875 0.093750
4 0.141406 0.641927 0.076563 0.106771
0 0.627344 0.596354 0.054688 0.078125
0 0.335156 0.714844 0.079687 0.075521
0 0.391406 0.390625 0.098437 0.104167
1 0.828125 0.553385 0.096875 0.054688
2 0.481250 0.640625 0.078125 0.119792
2 0.635156 0.731771 0.048438 0.052083
3 0.257812 0.604167 0.093750 0.088542
4 0.639062 0.820312 0.071875 0.083333
1 0.188281 0.794271 0.089063 0.052083
2 0.303125 0.641927 0.050000 0.054688
1 0.388281 0.304688 0.092188 0.057292
3 0.282031 0.608073 0.110937 0.091146
3 0.092188 0.493490 0.087500 0.106771
0 0.408594 0.860677 0.045312 0.117188
2 0.606250 0.729167 0.084375 0.093750
3 0.913281 0.858073 0.101562 0.101562
3 0.271094 0.878906 0.089063 0.070312
1 0.439063 0.924479 0.121875 0.067708
2 0.150781 0.402344 0.120313 0.117188
2 0.316406 0.657552 0.089063 0.059896
1 0.317969 0.406250 0.114062 0.104167
0 0.957812 0.367188 0.046875 0.072917
2 0.383594 0.321615 0.079687 0.059896
2 0.761719 0.644531 0.057813 0.075521
4 0.091406 0.813802 0.073438 0.054688
