1 0.280469 0.747396 0.073438 0.119792
1 0.496875 0.321615 0.084375 0.070312
4 0.757031 0.936198 0.117188 0.059896
2 0.678906 0.821615 0.107813 0.101562
2 0.725000 0.386719 0.112500 0.080729
3 0.905469 0.617188 0.060937 0.109375
1 0.282031 0.842448 0.073438 0.117188
0 0.730469 0.657552 0.098437 0.080729
1 0.464062 0.550781 0.081250 0.065104
0 0.651563 0.365885 0.087500 0.117188
1 0.642969 0.333333 0.048438 0.067708
1 0.421875 0.611979 0.118750 0.093750
2 0.389844 0.523438 0.073438 0.046875
3 0.375781 0.562500 0.067187 0.104167
4 0.504687 0.554688 0.075000 0.109375
4 0.561719 0.457031 0.107813 0.075521
4 0.217969 0.822917 0.092188 0.083333
2 0.547656 0.558594 0.064062 0.075521
