0 0.798438 0.343750 0.053125 0.052083
3 0.196094 0.369792 0.095312 0.109375
4 0.667969 0.684896 0.057813 0.052083
1 0.782031 0.699219 0.117188 0.070312
1 0.335156 0.322917 0.095312 0.114583
2 0.814063 0.615885 0.075000 0.117188
2 0.280469 0.934896 0.098437 0.083333
1 0.796094 0.714844 0.101562 0.096354
3 0.916406 0.502604 0.095312 0.098958
3 0.206250 0.868490 0.096875 0.065104
2 0.306250 0.684896 0.084375 0.067708
0 0.280469 0.533854 0.095312 0.114583
3 0.850000 0.906250 0.096875 0.046875
0 0.542969 0.683594 0.120313 0.080729
0 0.366406 0.558594 0.098437 0.075521
3 0.317969 0.798177 0.082812 0.065104
1 0.725000 0.591146 0.068750 0.052083
4 0.506250 0.485677 0.112500 0.101562
2 0.167187 0.520833 0.084375 0.062500
2 0.771094 0.708333 0.054688 0.098958
2 0.857812 0.420573 0.112500 0.096354
0 0.899219 0.300781 0.057813 0.049479
0 0.251563 0.864583 0.071875 0.067708
1 0.064844 0.932292 0.051562 0.057292
2 0.854688 0.529948 0.084375 0.070312
0 0.286719 0.346354 0.076563 0.052083
3 0.792188 0.412760 0.050000 0.091146
2 0.075000 0.385417 0.081250 0.114583
