3 0.091406 0.701823 0.070312 0.059896
1 0.486719 0.343750 0.045312 0.119792
4 0.426563 0.406250 0.078125 0.109375
1 0.495312 0.352865 0.109375 0.065104
4 0.332813 0.402344 0.081250 0.075521
4 0.626563 0.910156 0.075000 0.111979
0 0.635156 0.677083 0.114062 0.104167
1 0.853125 0.690104 0.100000 0.062500
3 0.128125 0.583333 0.046875 0.052083
1 0.802344 0.291667 0.045312 0.088542
4 0.254688 0.529948 0.062500 0.111979
2 0.275781 0.458333 0.048438 0.046875
4 0.652344 0.799479 0.079687 0.052083
0 0.569531 0.371094 0.076563 0.070312
3 0.854688 0.729167 0.121875 0.098958
1 0.642969 0.441406 0.114062 0.091146
1 0.526563 0.365885 0.081250 0.070312
0 0.696875 0.859375 0.112500 0.093750
