4 0.587500 0.546875 0.106250 0.093750
4 0.859375 0.690104 0.071875 0.083333
0 0.259375 0.867188 0.121875 0.104167
1 0.422656 0.562500 0.085938 0.083333
3 0.208594 0.496094 0.082812 0.080729
2 0.668750 0.484375 0.109375 0.067708
0 0.177344 0.364583 0.051562 0.114583
0 0.669531 0.839844 0.117188 0.106771
4 0.938281 0.666667 0.048438 0.093750
0 0.734375 0.863281 0.084375 0.075521
2 0.629687 0.350260 0.103125 0.070312
4 0.817969 0.572917 0.064062 0.057292
2 0.247656 0.792969 0.098437 0.075521
4 0.734375 0.865885 0.065625 0.111979
4 0.108594 0.701823 0.104688 0.101562
0 0.539844 0.731771 0.060937 0.067708
0 0.274219 0.680990 0.060937 0.117188
0 0.092969 0.360677 0.057813 0.106771
