4 0.267188 0.308594 0.087500 0.049479
0 0.128125 0.343750 0.053125 0.078125
3 0.758594 0.708333 0.060937 0.104167
2 0.369531 0.778646 0.076563 0.114583
0 0.818750 0.679688 0.118750 0.109375
0 0.226562 0.591146 0.112500 0.083333
3 0.418750 0.470052 0.090625 0.065104
2 0.347656 0.752604 0.079687 0.078125
2 0.107031 0.332031 0.089063 0.085938
0 0.792188 0.852865 0.078125 0.085938
2 0.278906 0.623698 0.120313 0.075521
3 0.242969 0.519531 0.114062 0.111979
0 0.814063 0.548177 0.121875 0.070312
3 0.438281 0.660156 0.067187 0.096354
3 0.600000 0.549479 0.081250 0.052083
3 0.623437 0.649740 0.121875 0.080729
1 0.193750 0.790365 0.109375 0.101562
3 0.783594 0.510417 0.054688 0.093750
