3 0.127344 0.865885 0.054688 0.085938
4 0.822656 0.531250 0.104688 0.052083
0 0.917969 0.484375 0.110937 0.078125
0 0.364844 0.731771 0.057813 0.057292
4 0.564844 0.515625 0.089063 0.057292
3 0.336719 0.505208 0.076563 0.098958
0 0.393750 0.505208 0.087500 0.067708
1 0.202344 0.389323 0.092188 0.111979
3 0.714063 0.571615 0.106250 0.080729
3 0.890625 0.537760 0.043750 0.049479
0 0.901563 0.427083 0.075000 0.109375
0 0.465625 0.449219 0.106250 0.106771
2 0.656250 0.944010 0.056250 0.054688
2 0.117188 0.669271 0.059375 0.052083
3 0.910937 0.515625 0.115625 0.088542
1 0.836719 0.544271 0.076563 0.119792
1 0.421094 0.567708 0.082812 0.046875
1 0.879687 0.494792 0.115625 0.046875
