1 0.820312 0.841146 0.068750 0.114583
2 0.163281 0.382812 0.054688 0.083333
3 0.208594 0.811198 0.098437 0.075521
0 0.246875 0.595052 0.068750 0.091146
2 0.660156 0.356771 0.101562 0.078125
3 0.935156 0.511719 0.045312 0.096354
1 0.811719 0.674479 0.107813 0.052083
0 0.103125 0.675781 0.056250 0.049479
0 0.901563 0.459635 0.053125 0.065104
3 0.919531 0.576823 0.079687 0.101562
1 0.215625 0.851562 0.084375 0.098958
4 0.109375 0.773438 0.084375 0.067708
3 0.639062 0.410156 0.087500 0.065104
4 0.166406 0.548177 0.107813 0.075521
1 0.769531 0.365885 0.054688 0.117188
4 0.571094 0.595052 0.045312 0.049479
4 0.933594 0.549479 0.064062 0.052083
1 0.284375 0.807292 0.065625 0.072917
