1 0.360156 0.420573 0.070312 0.049479
3 0.316406 0.334635 0.092188 0.059896
2 0.746875 0.611979 0.071875 0.062500
4 0.143750 0.356771 0.118750 0.083333
4 0.091406 0.923177 0.060937 0.059896
0 0.415625 0.786458 0.050000 0.119792
4 0.736719 0.414062 0.101562 0.072917
1 0.596094 0.576823 0.120313 0.054688
1 0.392969 0.537760 0.117188 0.080729
0 0.835938 0.328125 0.090625 0.093750
1 0.774219 0.412760 0.064062 0.096354
2 0.353125 0.708333 0.056250 0.083333
2 0.250000 0.304688 0.062500 0.072917
0 0.227344 0.895833 0.070312 0.057292
3 0.593750 0.447917 0.059375 0.109375
4 0.317188 0.686198 0.059375 0.111979
1 0.875781 0.613281 0.051562 0.080729
4 0.800000 0.489583 0.090625 0.114583
3 0.467969 0.470052 0.117188 0.117188
3 0.303906 0.285156 0.101562 0.065104
0 0.845313 0.311198 0.046875 0.085938
4 0.213281 0.589844 0.082812 0.085938
1 0.060156 0.753906 0.051562 0.091146
1 0.515625 0.444010 0.056250 0.075521
0 0.548438 0.404948 0.090625 0.101562
4 0.111719 0.596354 0.117188 0.093750
1 0.367969 0.812500 0.114062 0.078125
3 0.074219 0.869792 0.114062 0.098958
