0 0.703125 0.765625 0.081250 0.072917
3 0.896875 0.311198 0.056250 0.096354
4 0.107813 0.352865 0.100000 0.101562
1 0.139844 0.623698 0.089063 0.059896
2 0.569531 0.513021 0.064062 0.083333
2 0.748437 0.471354 0.118750 0.114583
3 0.900781 0.334635 0.045312 0.106771
1 0.133594 0.312500 0.107813 0.052083
1 0.282031 0.454427 0.045312 0.096354
3 0.418750 0.894531 0.109375 0.054688
2 0.228125 0.813802 0.059375 0.096354
2 0.082812 0.911458 0.053125 0.093750
4 0.705469 0.914062 0.110937 0.078125
0 0.453906 0.367188 0.101562 0.104167
4 0.947656 0.824219 0.054688 0.111979
2 0.656250 0.332031 0.096875 0.080729
2 0.709375 0.852865 0.043750 0.117188
0 0.792969 0.756510 0.085938 0.075521
3 0.880469 0.733073 0.060937 0.106771
4 0.837500 0.611979 0.096875 0.109375
4 0.442969 0.835938 0.070312 0.072917
2 0.801562 0.785156 0.087500 0.065104
0 0.580469 0.425781 0.092188 0.117188
1 0.467187 0.529948 0.078125 0.111979
4 0.512500 0.677083 0.112500 0.119792
4 0.432812 0.815104 0.062500 0.052083
4 0.835938 0.933594 0.118750 0.065104
0 0.394531 0.550781 0.051562 0.070312
