4 0.817187 0.673177 0.084375 0.091146
3 0.683594 0.317708 0.073438 0.052083
4 0.297656 0.381510 0.095312 0.111979
1 0.353125 0.445312 0.059375 0.062500
3 0.736719 0.430990 0.051562 0.101562
4 0.156250 0.341146 0.068750 0.072917
4 0.577344 0.863281 0.082812 0.091146
4 0.078906 0.829427 0.089063 0.117188
4 0.733594 0.376302 0.095312 0.111979
1 0.203906 0.908854 0.057813 0.093750
4 0.532031 0.733073 0.120313 0.054688
2 0.832812 0.677083 0.081250 0.098958
3 0.479687 0.813802 0.046875 0.059896
4 0.709375 0.321615 0.103125 0.101562
2 0.150000 0.912760 0.112500 0.065104
2 0.522656 0.489583 0.045312 0.072917
3 0.228125 0.876302 0.112500 0.101562
1 0.760156 0.816406 0.073438 0.106771
2 0.215625 0.412760 0.115625 0.080729
1 0.832812 0.805990 0.084375 0.106771
2 0.292969 0.333333 0.048438 0.088542
4 0.894531 0.312500 0.082812 0.057292
1 0.139063 0.468750 0.062500 0.114583
3 0.357031 0.467448 0.048438 0.075521
3 0.259375 0.739583 0.093750 0.078125
1 0.767969 0.407552 0.079687 0.085938
4 0.614844 0.391927 0.098437 0.075521
0 0.668750 0.335938 0.071875 0.046875
