4 0.913281 0.721354 0.117188 0.093750
4 0.771875 0.838542 0.053125 0.083333
1 0.696094 0.782552 0.095312 0.091146
4 0.134375 0.416667 0.081250 0.088542
3 0.542969 0.822917 0.082812 0.119792
3 0.515625 0.694010 0.059375 0.080729
4 0.766406 0.348958 0.057813 0.083333
0 0.919531 0.390625 0.060937 0.109375
3 0.092188 0.406250 0.075000 0.083333
4 0.394531 0.893229 0.114062 0.119792
0 0.310937 0.760417 0.068750 0.072917
0 0.761719 0.721354 0.054688 0.104167
0 0.677344 0.783854 0.095312 0.104167
4 0.925000 0.539062 0.059375 0.078125
1 0.292969 0.401042 0.076563 0.093750
1 0.157031 0.578125 0.120313 0.104167
2 0.785937 0.492188 0.115625 0.109375
0 0.048438 0.614583 0.056250 0.062500
3 0.858594 0.667969 0.092188 0.117188
4 0.408594 0.912760 0.092188 0.065104
3 0.068750 0.598958 0.087500 0.052083
2 0.399219 0.328125 0.104688 0.098958
1 0.597656 0.320312 0.048438 0.098958
0 0.546875 0.513021 0.109375 0.093750
0 0.326562 0.394531 0.053125 0.080729
4 0.353125 0.601562 0.109375 0.104167
2 0.517188 0.703125 0.046875 0.052083
3 0.723437 0.861979 0.050000 0.109375
