2 0.922656 0.542969 0.076563 0.091146
2 0.428125 0.679688 0.062500 0.104167
1 0.144531 0.498698 0.120313 0.080729
3 0.298438 0.626302 0.081250 0.101562
1 0.592187 0.872396 0.093750 0.093750
3 0.771875 0.299479 0.053125 0.088542
3 0.188281 0.901042 0.107813 0.057292
2 0.703906 0.731771 0.104688 0.104167
2 0.924219 0.558594 0.110937 0.117188
3 0.173437 0.584635 0.096875 0.049479
1 0.767969 0.403646 0.117188 0.052083
3 0.523438 0.901042 0.059375 0.104167
0 0.142187 0.498698 0.075000 0.111979
2 0.449219 0.822917 0.085938 0.057292
1 0.170313 0.785156 0.059375 0.059896
1 0.289844 0.447917 0.092188 0.093750
2 0.074219 0.901042 0.089063 0.067708
4 0.751563 0.731771 0.059375 0.052083
2 0.468750 0.589844 0.106250 0.080729
1 0.828125 0.376302 0.081250 0.117188
3 0.537500 0.751302 0.100000 0.075521
0 0.509375 0.291667 0.109375 0.078125
0 0.860938 0.855469 0.103125 0.106771
1 0.629687 0.449219 0.103125 0.111979
4 0.268750 0.714844 0.068750 0.101562
0 0.757031 0.324219 0.073438 0.111979
2 0.217188 0.669271 0.115625 0.057292
3 0.257031 0.765625 0.060937 0.062500
